#grafico de dispersion para intervalos de confianza MN

WELL <- c("YPF.NQ.LLL-101",	"YPF.NQ.LLL-102",	"YPF.NQ.LLL-104",	"YPF.NQ.LLL-122",	"YPF.NQ.LLL-129",	"YPF.NQ.LLL-144",	"YPF.NQ.LLL-145",	"YPF.NQ.LLL-147",	"YPF.NQ.LLL-148",	"YPF.NQ.LLL-156",	"YPF.NQ.LLL-161",	"YPF.NQ.LLL-169",	"YPF.NQ.LLL-172",	"YPF.NQ.LLL-174",	"YPF.NQ.LLL-175",	"YPF.NQ.LLL-178",	"YPF.NQ.LLL-181",	"YPF.NQ.LLL-187",	"YPF.NQ.LLL-227",	"YPF.NQ.LLL-233",	"YPF.NQ.LLL-24",	"YPF.NQ.LLL-25",	"YPF.NQ.LLL-250",	"YPF.NQ.LLL-253",	"YPF.NQ.LLL-265",	"YPF.NQ.LLL-284",	"YPF.NQ.LLL-285",	"YPF.NQ.LLL-292",	"YPF.NQ.LLL-293",	"YPF.NQ.LLL-297",	"YPF.NQ.LLL-306",	"YPF.NQ.LLL-307",	"YPF.NQ.LLL-309",	"YPF.NQ.LLL-310",	"YPF.NQ.LLL-314",	"YPF.NQ.LLL-321",	"YPF.NQ.LLL-324",	"YPF.NQ.LLL-325(ST)",	"YPF.NQ.LLL-327",	"YPF.NQ.LLL-328",	"YPF.NQ.LLL-331",	"YPF.NQ.LLL-332",	"YPF.NQ.LLL-334",	"YPF.NQ.LLL-339",	"YPF.NQ.LLL-340",	"YPF.NQ.LLL-342",	"YPF.NQ.LLL-348",	"YPF.NQ.LLL-349",	"YPF.NQ.LLL-351",	"YPF.NQ.LLL-352",	"YPF.NQ.LLL-372(H)",	"YPF.NQ.LLL-373",	"YPF.NQ.LLL-374",	"YPF.NQ.LLL-378(H)",	"YPF.NQ.LLL-379",	"YPF.NQ.LLL-386",	"YPF.NQ.LLL-43",	"YPF.NQ.LLL-438",	"YPF.NQ.LLL-485(ST)",	"YPF.NQ.LLL-511",	"YPF.NQ.LLL-513",	"YPF.NQ.LLL-541(D)",	"YPF.NQ.LLL-551(D)",	"YPF.NQ.LLL-566(D)",	"YPF.NQ.LLL-567(D)",	"YPF.NQ.LLL-568(D)",	"YPF.NQ.LLL-570(D)",	"YPF.NQ.LLL-571(D)",	"YPF.NQ.LLL-59",	"YPF.NQ.LLL-598",	"YPF.NQ.LLL-606(D)",	"YPF.NQ.LLL-62",	"YPF.NQ.LLL-626",	"YPF.NQ.LLL-633",	"YPF.NQ.LLL-636",	"YPF.NQ.LLL-636(D)",	"YPF.NQ.LLL-640",	"YPF.NQ.LLL-65",	"YPF.NQ.LLL-652",	"YPF.NQ.LLL-655",	"YPF.NQ.LLL-689",	"YPF.NQ.LLL-830",	"YPF.NQ.LLL.A-203",	"YPF.NQ.LLL.A-207",	"YPF.NQ.LLL.A-27",	"YPF.NQ.LLL.A-579",	"YPF.NQ.LLL.X-475",	"YPF.NQ.LLL.X-487",	"YPF.NQ.SOIL-37",	"YPF.NQ.SOIL-47",	"YPF.NQ.SOIL-51",	"YPF.NQ.SOIL-55",	"YPF.NQ.SOIL-55(HR)",	"YPF.NQ.SOIL-6",	"YPF.NQ.SOIL-60",	"YPF.NQ.SOIL-63",	"YPF.NQ.SOIL-73",	"YPF.NQ.SOIL.X-1"
)

ISUP <- c(2.431857767,	2.485474764,	2.533880899,	2.607007973,	2.496487967,	2.54030086,	2.557244446,	2.644006978,	2.457116357,	2.591074667,	2.469729576,	2.478548667,	2.408223408,	2.401749294,	2.402616934,	2.455724872,	2.457914384,	2.462308765,	2.455475583,	2.428150229,	2.579906688,	2.504730657,	2.497732448,	2.67645097,	2.502050668,	2.635160705,	2.6309254,	2.470695728,	2.495592247,	2.446709972,	2.582034583,	2.638941176,	2.489239602,	2.735623466,	2.539685215,	2.579943111,	2.582039323,	2.593035228,	2.591464694,	2.600577659,	2.574830758,	2.632534913,	2.67184722,	2.625997149,	2.414646278,	2.46576632,	2.556495562,	2.570659292,	2.606304498,	2.479397101,	2.448165823,	2.429378944,	2.441393009,	2.748962766,	2.635941969,	2.64282822,	2.593201915,	2.64142582,	2.40194196,	2.544355284,	2.505219647,	2.486936099,	2.491793662,	2.603104357,	2.604227282,	2.602540292,	2.591936645,	2.58897341,	2.453465414,	2.367461597,	2.506978835,	2.452608006,	2.500545488,	2.509331138,	2.532708539,	2.53257095,	2.370838467,	2.431605133,	2.57841767,	2.582817081,	2.58519753,	2.365539649,	2.459126145,	2.513391146,	2.439935858,	2.581338809,	2.464775416,	2.420927202,	2.937631348,	2.724097606,	2.752702112,	2.759197116,	2.748212826,	2.736637537,	2.843721624,	2.807791891,	2.772256475,	2.706277178
)

IINF <- c(2.421451173,	2.474407211,	2.518209548,	2.589411605,	2.483264342,	2.523981859,	2.542556694,	2.623100499,	2.436007186,	2.572789146,	2.455282606,	2.465735671,	2.397635487,	2.391422202,	2.390221717,	2.443069916,	2.446055166,	2.44999599,	2.443507995,	2.41755779,	2.565289906,	2.489187965,	2.485481726,	2.649462522,	2.488375633,	2.61526485,	2.604871362,	2.459279753,	2.479630349,	2.434906826,	2.56922873,	2.623208556,	2.476786707,	2.716718307,	2.522070667,	2.565427551,	2.56909354,	2.579985294,	2.578555885,	2.586367351,	2.560854064,	2.617200728,	2.655075539,	2.610633093,	2.404134629,	2.444771461,	2.538192968,	2.556875883,	2.59135289,	2.467601554,	2.436885002,	2.418476222,	2.429314162,	2.734297714,	2.622281037,	2.621948396,	2.57848183,	2.617226871,	2.391696231,	2.532163247,	2.493880546,	2.475861634,	2.480709554,	2.589675855,	2.590755749,	2.589435799,	2.578784454,	2.575219066,	2.441171573,	2.358247208,	2.495875384,	2.439827725,	2.489209066,	2.497920791,	2.521081217,	2.520806631,	2.361720486,	2.420192079,	2.565186755,	2.569762877,	2.571905838,	2.356298929,	2.446795368,	2.498039162,	2.428565812,	2.567657626,	2.451280834,	2.409602897,	2.910667963,	2.7072054,	2.734956735,	2.739614952,	2.730046966,	2.71766127,	2.81920685,	2.78664947,	2.754382546,	2.689014537
)

n_raya <- c(2.42665447,	2.479940988,	2.526045224,	2.598209789,	2.489876155,	2.532141359,	2.54990057,	2.633553738,	2.446561771,	2.581931906,	2.462506091,	2.472142169,	2.402929448,	2.396585748,	2.396419325,	2.449397394,	2.451984775,	2.456152377,	2.449491789,	2.42285401,	2.572598297,	2.496959311,	2.491607087,	2.662956746,	2.495213151,	2.625212777,	2.617898381,	2.464987741,	2.487611298,	2.440808399,	2.575631657,	2.631074866,	2.483013155,	2.726170886,	2.530877941,	2.572685331,	2.575566431,	2.586510261,	2.585010289,	2.593472505,	2.567842411,	2.62486782,	2.663461379,	2.618315121,	2.409390453,	2.45526889,	2.547344265,	2.563767587,	2.598828694,	2.473499328,	2.442525413,	2.423927583,	2.435353585,	2.74163024,	2.629111503,	2.632388308,	2.585841873,	2.629326346,	2.396819095,	2.538259266,	2.499550097,	2.481398867,	2.486251608,	2.596390106,	2.597491515,	2.595988045,	2.58536055,	2.582096238,	2.447318494,	2.362854402,	2.501427109,	2.446217865,	2.494877277,	2.503625964,	2.526894878,	2.526688791,	2.366279477,	2.425898606,	2.571802213,	2.576289979,	2.578551684,	2.360919289,	2.452960756,	2.505715154,	2.434250835,	2.574498217,	2.458028125,	2.415265049,	2.924149655,	2.715651503,	2.743829423,	2.749406034,	2.739129896,	2.727149404,	2.831464237,	2.797220681,	2.763319511,	2.697645857
)


intervalos <- data.frame(WELL,ISUP,IINF,n_raya)


library(ggplot2)
p1 <- ggplot(intervalos, aes(x=WELL, y=n_raya)) + theme_minimal(base_size = 8)
p1 <- p1 + geom_point(aes(color=WELL),show.legend = FALSE) + geom_errorbar(aes(ymax=ISUP, ymin=IINF))
p1 <- p1 + theme(axis.text.x = element_text(angle = 90, hjust = 1))
p1 <- p1 + xlab("WELL") + ylab("PREDICCION MN")
p1 <- p1 + scale_y_continuous(breaks = seq(2.35, 2.95, by = 0.025))
p1
